Файл: case4-prodazhi-po-setyam.xlsx

Лист: Читай меня
Учебные продажи 2026: только май, июль, октябрь, декабрь. Не полный год.
Сети и товары закодированы; справочник ниже. Пустая ячейка означает отсутствие данных.

Лист: Продажи
Месяц	Сеть	Товар	Тонны	Цена ₽/кг	Выручка ₽	Промо %	Недопоставка %
5	1	Ф	166.3	388.4	64590920	35	1.4
5	1	Г	86.6	270.2	23399320	35	1.3
5	1	М	51.7	232.9	12040930	35	1.2
5	2	Ф	117.2	380.5	44594600	35	1.1
5	2	Г	60.9	276.1	16814490	35	1.4
5	2	М	36.5	232.7	8493550	35	0.9
5	3	Ф	83.6	360.8	30162880	35	14.6
5	3	Г	44.8	264.5	11849600	35	14.6
5	3	М	25.8	228.1	5884980	35	14.6
5	4	Ф	55.8	397.8	22197240	35	1.1
5	4	Г	28.2	285.7	8056740	35	0.9
5	4	М	17.4	240.6	4186440	35	1
5	5	Ф	42.9	359.8	15435420	35	1.5
5	5	Г	21.1	257.7	5437470	35	1.4
5	5	М	12.6	225.5	2841300	35	1.3
7	1	Ф	171.7	389.3	66842810	35	1.1
7	1	Г	85.8	277.4	23800920	35	1.5
7	1	М	55.4	234.4	12985760	35	1
7	2	Ф	121	314.4	38042400	61	1
7	2	Г	60.6	223.7	13556220	61	1
7	2	М	38.7	192	7430400	61	1
7	3	Ф	87.8	367.1	32231380	35	1.1
7	3	Г	44.2	265.9	11752780	35	1.1
7	3	М	26.4	229.9	6069360	35	1.4
7	4	Ф	55.9	400	22360000	35	0.9
7	4	Г	29.1	279.6	8136360	35	1.4
7	4	М	17.3	238	4117400	35	1
7	5	Ф	43.3	362.3	15687590	35	1.6
7	5	Г	21.7	268	5815600	35	1.5
7	5	М	12.7	228.7	2904490	35	1.3
10	1	Ф	125.3	394.2	49393260	35	1.1
10	1	Г	64.5	283.9	18311550	35	1.5
10	1	М	39.4	235.1	9262940	35	1.2
10	2	Ф	131	392.8	51456800	35	1.4
10	2	Г	67.4	279.4	18831560	35	1
10	2	М	40.3	240.3	9684090	35	1.2
10	3	Ф	92.9	385.4	35803660	35	1.3
10	3	Г	46.3	273.7	12672310	35	1.5
10	3	М	27.2	231	6283200	35	1.5
10	4	Ф				35	1.5
10	4	Г				35	1
10	4	М				35	1.1
10	5	Ф	42.5	374.7	15924750	35	1.3
10	5	Г	22.8	267.5	6099000	35	1
10	5	М	13.2	231.9	3061080	35	0.8
12	1	Ф	131.4	403.8	53059320	35	1.2
12	1	Г	69.3	284.8	19736640	35	0.8
12	1	М	39.5	245.1	9681450	35	1
12	2	Ф	133.1	387	51509700	35	1.6
12	2	Г	64.7	283.2	18323040	35	0.9
12	2	М	39.2	241.6	9470720	35	1.5
12	3	Ф	92.4	382.4	35333760	35	1.5
12	3	Г	48.3	276.2	13340460	35	1.1
12	3	М	28.8	231.7	6672960	35	1.1
12	4	Ф	61.3	402.4	24667120	35	0.9
12	4	Г	30.1	294.7	8870470	35	1
12	4	М	18.6	247.2	4597920	35	1.4
12	5	Ф	46.1	382.4	17628640	35	1.3
12	5	Г	23	268.7	6180100	35	0.9
12	5	М	14.1	235	3313500	35	1.3
12	5	Ф	46.1	382.4	17628857.4	35	1.3

Лист: Справочник сетей
Код	Сеть
1	ООО "Ветразь"
2	Метрополь ТС
3	Добрыня, сеть магазинов
4	Северный дом
5	Пятью Пять
Товар	Название
Ф	Филе индейки охлаждённое
Г	Голень индейки охлаждённая
М	Фарш из индейки

Файл: case4-ceny-rynka.xlsx

Лист: Читай меня
Учебный мониторинг 2026. Мясо: розница ₽/кг. По сетям: только филе, выбранные месяцы.
Справочник рынка: A=Ветразь; B=Метрополь; C=Добрыня; D=Северный Дом; E=Лавка у дома.

Лист: Цены по видам мяса
Месяц	Индейка	Курица	Свинина	Говядина
1	375.3	196.9	281.3	509.6
2	373	197.8	286.8	516.8
3	377.8	200.9	284.4	522.8
4	381.6	200.9	287	521.4
5	385.8	201.9	287.1	520
6	386.1	203.3	287.8	1528
7	391.2	204.8	289.4	529.4
8	394.1	205.3	289.3	530.3
9	395.4	206.6	290.3	540.9
10	393.7	207.4	295.3	539.7
11	394.6	209.9	298	540.6
12	401.3	208	293.9	540.7

Лист: Цены по сетям
Месяц	Сеть	Полка ₽/кг	Промо ₽/кг
5	A	456.3	355.9
5	B	454	354.1
5	C	439.1	342.5
5	D	469.1	365.9
5	E	475.2	370.7
7	A	461.9	360.3
7	B	454.9	354.8
7	C	446	347.9
7	D	476.6	371.7
7	E	482.3	376.2
10	A	473.3	369.2
10	B	466.1	363.6
10	C	457.1	356.5
10	D	488.3	380.9
10	E	493.5	384.9
12	A	478.4	373.2
12	B	469.8	366.4
12	C	457.3	356.7
12	D	489.8	382
12	E	494.9	386

Файл: case4-sebestoimost.csv

Квартал,Позиция,Сырьё ₽/кг,Переработка ₽/кг,Упаковка ₽/кг,Логистика ₽/кг,Полная с/с ₽/кг
1,"Филе охл., индейка",214,40.7,15,19.3,289
1,"Голень охл., индейка",163,31,11.4,14.7,220.1
1,Фарш индейка,148,28.1,10.4,13.3,199.8
1,"Крыло охл., индейка",171,32.5,12,15.4,230.9
2,"Филе охл., индейка",220,40.7,15,19.3,295
2,"Голень охл., индейка",167.6,31,11.4,14.7,224.7
2,Фарш индейка,152.1,28.1,10.4,13.3,203.9
2,"Крыло охл., индейка",175.8,32.5,12,15.4,235.7
3,"Филе охл., индейка",226,40.7,15,19.3,301
3,"Голень охл., индейка",172.1,31,11.4,14.7,229.2
3,Фарш индейка,156.3,28.1,10.4,13.3,208.1
3,"Крыло охл., индейка",180.6,32.5,12,15.4,240.5
4,"Филе охл., индейка",232,40.7,15,19.3,307
4,"Голень охл., индейка",176.7,31,11.4,14.7,233.8
4,Фарш индейка,189.4,28.1,10.4,13.3,241.2
4,"Крыло охл., индейка",300.3,32.5,12,15.4,360.2